176
1	10.60	31.50	2.40	54.70	0.10	0.00	0.20	0.20	0.10	0.00	0.20	0.00	0.00	0.00	1.0300
2	10.50	25.60	2.70	60.20	0.10	0.00	0.20	0.30	0.20	0.00	0.20	0.00	0.00	0.00	1.0300
3	10.50	25.60	2.70	60.20	0.10	0.00	0.20	0.30	0.20	0.00	0.20	0.00	0.00	0.00	1.0300
4	10.70	14.50	2.20	71.20	0.20	0.00	0.40	0.20	0.30	0.00	0.30	0.00	0.00	0.00	1.0400
5	11.60	51.90	0.00	36.50	0.00	0.00	0.00	0.00	0.00	0.00	0.00	0.00	0.00	0.00	0.9600
6	10.50	25.60	2.70	60.20	0.10	0.00	0.20	0.30	0.20	0.00	0.20	0.00	0.00	0.00	1.0650
7	10.60	11.50	2.20	75.10	0.10	0.00	0.10	0.10	0.20	0.00	0.10	0.00	0.00	0.00	1.0300
8	11.20	0.00	0.00	88.80	0.00	0.00	0.00	0.00	0.00	0.00	0.00	0.00	0.00	0.00	1.0000
9	9.60	9.90	2.20	74.40	0.50	0.00	2.20	0.90	0.30	0.00	0.00	0.00	0.00	0.00	1.1000
10	10.50	25.60	2.70	60.20	0.10	0.00	0.20	0.30	0.20	0.00	0.20	0.00	0.00	0.00	1.0300
11	9.60	9.90	2.20	74.40	0.50	0.00	2.20	0.90	0.30	0.00	0.00	0.00	0.00	0.00	1.1000
12	9.60	19.50	5.70	64.60	0.10	0.00	0.10	0.30	0.10	0.00	0.00	0.00	0.00	0.00	1.0300
13	10.50	25.60	2.70	60.20	0.10	0.00	0.20	0.30	0.20	0.00	0.20	0.00	0.00	0.00	1.0300
14	11.20	0.00	0.00	88.80	0.00	0.00	0.00	0.00	0.00	0.00	0.00	0.00	0.00	0.00	1.0000
15	10.40	13.90	2.90	71.80	0.10	0.00	0.20	0.20	0.20	0.00	0.30	0.00	0.00	0.00	1.0400
16	10.20	11.00	3.30	74.50	0.10	0.00	0.10	0.20	0.30	0.00	0.20	0.10	0.00	0.00	1.0600
17	10.30	13.20	3.00	72.40	0.20	0.00	0.20	0.20	0.20	0.00	0.20	0.00	0.00	0.10	1.0400
18	10.30	13.20	3.00	72.40	0.20	0.00	0.20	0.20	0.20	0.00	0.20	0.00	0.00	0.10	1.0400
19	10.30	13.20	3.00	72.40	0.20	0.00	0.20	0.20	0.20	0.00	0.20	0.00	0.00	0.10	1.0400
20	10.30	13.20	3.00	72.40	0.20	0.00	0.20	0.20	0.20	0.00	0.20	0.00	0.00	0.10	1.0400
21	10.30	13.20	3.00	72.40	0.20	0.00	0.20	0.20	0.20	0.00	0.20	0.00	0.00	0.10	1.0400
22	10.30	13.20	3.00	72.40	0.20	0.00	0.20	0.20	0.20	0.00	0.20	0.00	0.00	0.10	1.0400
23	9.60	9.90	2.20	74.40	0.50	0.00	2.20	0.90	0.30	0.00	0.00	0.00	0.00	0.00	1.0650
24	9.60	19.50	5.70	64.60	0.10	0.00	0.10	0.30	0.10	0.00	0.00	0.00	0.00	0.00	1.0700
25	10.30	18.60	2.80	67.10	0.20	0.00	0.20	0.30	0.20	0.00	0.30	0.00	0.00	0.00	1.0500
26	10.30	10.50	3.10	74.90	0.20	0.00	0.20	0.30	0.30	0.00	0.20	0.00	0.00	0.00	0.3300
27	10.30	10.50	3.10	74.90	0.20	0.00	0.20	0.30	0.30	0.00	0.20	0.00	0.00	0.00	0.3300
28	10.60	31.50	2.40	54.70	0.10	0.00	0.20	0.20	0.10	0.00	0.20	0.00	0.00	0.00	1.0300
29	10.60	31.50	2.40	54.70	0.10	0.00	0.20	0.20	0.10	0.00	0.20	0.00	0.00	0.00	1.0300
30	10.60	31.50	2.40	54.70	0.10	0.00	0.20	0.20	0.10	0.00	0.20	0.00	0.00	0.00	1.0300
31	10.50	9.30	2.40	76.80	0.20	0.00	0.20	0.20	0.20	0.00	0.20	0.00	0.00	0.00	1.0500
32	10.60	16.90	2.20	69.40	0.20	0.00	0.20	0.10	0.20	0.00	0.20	0.00	0.00	0.00	1.0300
33	10.20	14.30	3.40	71.00	0.10	0.00	0.20	0.30	0.10	0.00	0.40	0.00	0.00	0.00	1.0500
34	10.60	31.50	2.40	54.70	0.10	0.00	0.20	0.20	0.10	0.00	0.20	0.00	0.00	0.00	1.0300
35	10.50	25.60	2.70	60.20	0.10	0.00	0.20	0.30	0.20	0.00	0.20	0.00	0.00	0.00	1.0300
36	10.50	25.60	2.70	60.20	0.10	0.00	0.20	0.30	0.20	0.00	0.20	0.00	0.00	0.00	1.0300
37	10.60	11.50	2.20	75.10	0.10	0.00	0.10	0.10	0.20	0.00	0.10	0.00	0.00	0.00	1.0300
38	11.20	0.00	0.00	88.80	0.00	0.00	0.00	0.00	0.00	0.00	0.00	0.00	0.00	0.00	1.0000
39	10.60	31.50	2.40	54.70	0.10	0.00	0.20	0.20	0.10	0.00	0.20	0.00	0.00	0.00	1.0300
40	10.50	25.60	2.70	60.20	0.10	0.00	0.20	0.30	0.20	0.00	0.20	0.00	0.00	0.00	1.0300
41	10.60	11.50	2.20	75.10	0.10	0.00	0.10	0.10	0.20	0.00	0.10	0.00	0.00	0.00	1.0300
42	11.20	0.00	0.00	88.80	0.00	0.00	0.00	0.00	0.00	0.00	0.00	0.00	0.00	0.00	1.0000
43	10.00	20.40	4.20	64.50	0.20	0.00	0.10	0.20	0.30	0.00	0.10	0.00	0.00	0.00	1.1000
44	10.70	14.50	2.20	71.20	0.20	0.00	0.40	0.20	0.30	0.00	0.30	0.00	0.00	0.00	1.0400
45	10.30	11.30	3.20	74.10	0.10	0.00	0.30	0.20	0.20	0.00	0.30	0.00	0.00	0.00	1.0600
46	10.60	11.50	2.20	75.10	0.10	0.00	0.10	0.10	0.20	0.00	0.10	0.00	0.00	0.00	1.0300
47	11.20	0.00	0.00	88.80	0.00	0.00	0.00	0.00	0.00	0.00	0.00	0.00	0.00	0.00	1.0000
48	10.60	9.90	2.00	76.60	0.20	0.00	0.10	0.20	0.20	0.00	0.20	0.00	0.00	0.00	1.0400
49	10.50	25.60	2.70	60.20	0.10	0.00	0.20	0.30	0.20	0.00	0.20	0.00	0.00	0.00	1.0250
50	10.40	11.90	2.40	74.50	0.20	0.00	0.10	0.10	0.20	0.00	0.10	0.00	0.10	0.00	1.0500
51	10.20	14.30	3.40	71.00	0.10	0.00	0.20	0.30	0.10	0.00	0.40	0.00	0.00	0.00	1.0500
52	10.50	25.60	2.70	60.20	0.10	0.00	0.20	0.30	0.20	0.00	0.20	0.00	0.00	0.00	1.0300
53	10.50	25.60	2.70	60.20	0.10	0.00	0.20	0.30	0.20	0.00	0.20	0.00	0.00	0.00	1.0650
54	10.50	9.60	2.60	76.10	0.20	0.00	0.20	0.20	0.30	0.00	0.30	0.00	0.00	0.00	1.0400
55	11.20	0.00	0.00	88.80	0.00	0.00	0.00	0.00	0.00	0.00	0.00	0.00	0.00	0.00	1.0000
56	10.60	31.50	2.40	54.70	0.10	0.00	0.20	0.20	0.10	0.00	0.20	0.00	0.00	0.00	1.0500
57	0.00	0.01	75.53	23.18	0.00	0.00	0.00	0.00	0.00	1.28	0.00	0.00	0.00	0.00	0.0013
58	10.60	11.50	2.20	75.10	0.10	0.00	0.10	0.10	0.20	0.00	0.10	0.00	0.00	0.00	1.0300
59	11.20	0.00	0.00	88.80	0.00	0.00	0.00	0.00	0.00	0.00	0.00	0.00	0.00	0.00	1.0000
60	10.60	31.50	2.40	54.70	0.10	0.00	0.20	0.20	0.10	0.00	0.20	0.00	0.00	0.00	1.0300
61	10.60	31.50	2.40	54.70	0.10	0.00	0.20	0.20	0.10	0.00	0.20	0.00	0.00	0.00	1.0300
62	10.20	11.00	3.30	74.50	0.10	0.00	0.10	0.20	0.30	0.00	0.20	0.10	0.00	0.00	1.0600
63	10.20	11.00	3.30	74.50	0.10	0.00	0.10	0.20	0.30	0.00	0.20	0.10	0.00	0.00	1.0600
64	10.20	14.30	3.40	71.00	0.10	0.00	0.20	0.30	0.10	0.00	0.40	0.00	0.00	0.00	1.0500
101	9.60	9.90	2.20	74.40	0.50	0.00	2.20	0.90	0.30	0.00	0.00	0.00	0.00	0.00	1.1000
102	9.60	9.90	2.20	74.40	0.50	0.00	2.20	0.90	0.30	0.00	0.00	0.00	0.00	0.00	1.1000
103	9.60	9.90	2.20	74.40	0.50	0.00	2.20	0.90	0.30	0.00	0.00	0.00	0.00	0.00	1.1000
104	9.60	9.90	2.20	74.40	0.50	0.00	2.20	0.90	0.30	0.00	0.00	0.00	0.00	0.00	1.1000
105	9.60	9.90	2.20	74.40	0.50	0.00	2.20	0.90	0.30	0.00	0.00	0.00	0.00	0.00	1.1000
106	9.60	9.90	2.20	74.40	0.50	0.00	2.20	0.90	0.30	0.00	0.00	0.00	0.00	0.00	1.1000
107	9.60	9.90	2.20	74.40	0.50	0.00	2.20	0.90	0.30	0.00	0.00	0.00	0.00	0.00	1.1000
108	9.60	9.90	2.20	74.40	0.50	0.00	2.20	0.90	0.30	0.00	0.00	0.00	0.00	0.00	1.1000
109	9.60	9.90	2.20	74.40	0.50	0.00	2.20	0.90	0.30	0.00	0.00	0.00	0.00	0.00	1.1000
110	9.60	9.90	2.20	74.40	0.50	0.00	2.20	0.90	0.30	0.00	0.00	0.00	0.00	0.00	1.1000
111	9.60	9.90	2.20	74.40	0.50	0.00	2.20	0.90	0.30	0.00	0.00	0.00	0.00	0.00	1.1000
112	9.60	9.90	2.20	74.40	0.50	0.00	2.20	0.90	0.30	0.00	0.00	0.00	0.00	0.00	1.1000
113	9.60	9.90	2.20	74.40	0.50	0.00	2.20	0.90	0.30	0.00	0.00	0.00	0.00	0.00	1.1000
114	9.60	9.90	2.20	74.40	0.50	0.00	2.20	0.90	0.30	0.00	0.00	0.00	0.00	0.00	1.1000
115	9.60	9.90	2.20	74.40	0.50	0.00	2.20	0.90	0.30	0.00	0.00	0.00	0.00	0.00	1.1000
116	9.60	9.90	2.20	74.40	0.50	0.00	2.20	0.90	0.30	0.00	0.00	0.00	0.00	0.00	1.1000
117	9.60	9.90	2.20	74.40	0.50	0.00	2.20	0.90	0.30	0.00	0.00	0.00	0.00	0.00	1.1000
118	9.60	9.90	2.20	74.40	0.50	0.00	2.20	0.90	0.30	0.00	0.00	0.00	0.00	0.00	1.1000
119	9.60	9.90	2.20	74.40	0.50	0.00	2.20	0.90	0.30	0.00	0.00	0.00	0.00	0.00	1.1000
120	9.60	9.90	2.20	74.40	0.50	0.00	2.20	0.90	0.30	0.00	0.00	0.00	0.00	0.00	1.1000
121	9.60	9.90	2.20	74.40	0.50	0.00	2.20	0.90	0.30	0.00	0.00	0.00	0.00	0.00	1.1000
122	9.60	9.90	2.20	74.40	0.50	0.00	2.20	0.90	0.30	0.00	0.00	0.00	0.00	0.00	1.1000
123	9.60	9.90	2.20	74.40	0.50	0.00	2.20	0.90	0.30	0.00	0.00	0.00	0.00	0.00	1.1000
124	9.60	9.90	2.20	74.40	0.50	0.00	2.20	0.90	0.30	0.00	0.00	0.00	0.00	0.00	1.1000
125	9.60	9.90	2.20	74.40	0.50	0.00	2.20	0.90	0.30	0.00	0.00	0.00	0.00	0.00	1.1000
126	9.60	9.90	2.20	74.40	0.50	0.00	2.20	0.90	0.30	0.00	0.00	0.00	0.00	0.00	1.1000
127	9.60	9.90	2.20	74.40	0.50	0.00	2.20	0.90	0.30	0.00	0.00	0.00	0.00	0.00	1.1000
128	9.60	9.90	2.20	74.40	0.50	0.00	2.20	0.90	0.30	0.00	0.00	0.00	0.00	0.00	1.1000
129	9.60	9.90	2.20	74.40	0.50	0.00	2.20	0.90	0.30	0.00	0.00	0.00	0.00	0.00	1.1000
130	9.60	9.90	2.20	74.40	0.50	0.00	2.20	0.90	0.30	0.00	0.00	0.00	0.00	0.00	1.1000
131	9.60	9.90	2.20	74.40	0.50	0.00	2.20	0.90	0.30	0.00	0.00	0.00	0.00	0.00	1.1000
151	3.90	16.00	4.40	45.60	0.10	0.20	9.50	0.30	0.00	0.00	0.00	20.00	0.00	0.00	1.7500
152	3.90	16.00	4.40	45.60	0.10	0.20	9.50	0.30	0.00	0.00	0.00	20.00	0.00	0.00	1.7500
153	3.90	16.00	4.40	45.60	0.10	0.20	9.50	0.30	0.00	0.00	0.00	20.00	0.00	0.00	1.7500
154	3.90	16.00	4.40	45.60	0.10	0.20	9.50	0.30	0.00	0.00	0.00	20.00	0.00	0.00	1.7500
155	3.90	16.00	4.40	45.60	0.10	0.20	9.50	0.30	0.00	0.00	0.00	20.00	0.00	0.00	1.7500
156	3.90	16.00	4.40	45.60	0.10	0.20	9.50	0.30	0.00	0.00	0.00	20.00	0.00	0.00	1.7500
157	3.90	16.00	4.40	45.60	0.10	0.20	9.50	0.30	0.00	0.00	0.00	20.00	0.00	0.00	1.7500
158	3.90	16.00	4.40	45.60	0.10	0.20	9.50	0.30	0.00	0.00	0.00	20.00	0.00	0.00	1.7500
159	3.90	16.00	4.40	45.60	0.10	0.20	9.50	0.30	0.00	0.00	0.00	20.00	0.00	0.00	1.7500
160	3.90	16.00	4.40	45.60	0.10	0.20	9.50	0.30	0.00	0.00	0.00	20.00	0.00	0.00	1.7500
161	3.90	16.00	4.40	45.60	0.10	0.20	9.50	0.30	0.00	0.00	0.00	20.00	0.00	0.00	1.7500
162	3.90	16.00	4.40	45.60	0.10	0.20	9.50	0.30	0.00	0.00	0.00	20.00	0.00	0.00	1.7500
163	3.90	16.00	4.40	45.60	0.10	0.20	9.50	0.30	0.00	0.00	0.00	20.00	0.00	0.00	1.7500
164	3.90	16.00	4.40	45.60	0.10	0.20	9.50	0.30	0.00	0.00	0.00	20.00	0.00	0.00	1.7500
165	3.90	16.00	4.40	45.60	0.10	0.20	9.50	0.30	0.00	0.00	0.00	20.00	0.00	0.00	1.7500
166	3.90	16.00	4.40	45.60	0.10	0.20	9.50	0.30	0.00	0.00	0.00	20.00	0.00	0.00	1.7500
167	3.90	16.00	4.40	45.60	0.10	0.20	9.50	0.30	0.00	0.00	0.00	20.00	0.00	0.00	1.7500
168	3.90	16.00	4.40	45.60	0.10	0.20	9.50	0.30	0.00	0.00	0.00	20.00	0.00	0.00	1.7500
169	3.90	16.00	4.40	45.60	0.10	0.20	9.50	0.30	0.00	0.00	0.00	20.00	0.00	0.00	1.7500
170	3.90	16.00	4.40	45.60	0.10	0.20	9.50	0.30	0.00	0.00	0.00	20.00	0.00	0.00	1.7500
171	3.90	16.00	4.40	45.60	0.10	0.20	9.50	0.30	0.00	0.00	0.00	20.00	0.00	0.00	1.7500
172	3.90	16.00	4.40	45.60	0.10	0.20	9.50	0.30	0.00	0.00	0.00	20.00	0.00	0.00	1.7500
173	3.90	16.00	4.40	45.60	0.10	0.20	9.50	0.30	0.00	0.00	0.00	20.00	0.00	0.00	1.7500
174	3.90	16.00	4.40	45.60	0.10	0.20	9.50	0.30	0.00	0.00	0.00	20.00	0.00	0.00	1.7500
175	3.90	16.00	4.40	45.60	0.10	0.20	9.50	0.30	0.00	0.00	0.00	20.00	0.00	0.00	1.7500
176	3.90	16.00	4.40	45.60	0.10	0.20	9.50	0.30	0.00	0.00	0.00	20.00	0.00	0.00	1.7500
177	3.90	16.00	4.40	45.60	0.10	0.20	9.50	0.30	0.00	0.00	0.00	20.00	0.00	0.00	1.7500
178	3.90	16.00	4.40	45.60	0.10	0.20	9.50	0.30	0.00	0.00	0.00	20.00	0.00	0.00	1.7500
179	3.90	16.00	4.40	45.60	0.10	0.20	9.50	0.30	0.00	0.00	0.00	20.00	0.00	0.00	1.7500
180	3.90	16.00	4.40	45.60	0.10	0.20	9.50	0.30	0.00	0.00	0.00	20.00	0.00	0.00	1.7500
181	3.90	16.00	4.40	45.60	0.10	0.20	9.50	0.30	0.00	0.00	0.00	20.00	0.00	0.00	1.7500
182	3.90	16.00	4.40	45.60	0.10	0.20	9.50	0.30	0.00	0.00	0.00	20.00	0.00	0.00	1.7500
183	3.90	16.00	4.40	45.60	0.10	0.20	9.50	0.30	0.00	0.00	0.00	20.00	0.00	0.00	1.7500
184	3.90	16.00	4.40	45.60	0.10	0.20	9.50	0.30	0.00	0.00	0.00	20.00	0.00	0.00	1.7500
185	2.20	9.50	2.90	42.10	0.00	0.70	13.70	0.00	0.00	0.00	28.90	0.00	0.00	0.00	2.3250
201	7.24	31.16	3.50	42.26	0.10	0.16	4.98	0.24	0.01	0.00	0.01	10.31	0.03	0.00	1.2940
202	7.61	32.89	3.40	41.82	0.10	0.16	4.49	0.23	0.01	0.00	0.01	9.25	0.03	0.00	1.2581
203	8.52	37.17	3.15	40.74	0.10	0.15	3.27	0.21	0.01	0.00	0.01	6.64	0.04	0.00	1.1774
204	9.04	39.90	2.97	39.84	0.10	0.14	2.58	0.20	0.01	0.00	0.01	5.16	0.05	0.00	1.1353
205	9.71	40.57	3.11	41.69	0.10	0.16	1.52	0.20	0.01	0.00	0.01	2.86	0.07	0.00	1.0847
206	9.03	37.63	3.27	42.21	0.10	0.17	2.45	0.21	0.01	0.00	0.01	4.86	0.06	0.00	1.1352
207	8.84	36.80	3.31	42.36	0.10	0.17	2.71	0.22	0.01	0.00	0.01	5.42	0.06	0.00	1.1502
208	9.30	38.81	3.21	42.00	0.10	0.16	2.08	0.21	0.01	0.00	0.01	4.06	0.06	0.00	1.1144
209	8.72	36.30	3.33	42.45	0.10	0.17	2.87	0.22	0.01	0.00	0.01	5.77	0.06	0.00	1.1596
210	9.86	42.45	2.92	40.26	0.10	0.15	1.39	0.19	0.01	0.00	0.01	2.60	0.06	0.00	1.0746
211	9.17	39.34	3.09	40.95	0.10	0.15	2.32	0.21	0.01	0.00	0.01	4.60	0.05	0.00	1.1245
212	7.84	33.50	3.40	42.07	0.10	0.16	4.14	0.23	0.01	0.00	0.01	8.50	0.04	0.00	1.2359
213	10.96	51.32	2.13	35.01	0.10	0.10	0.16	0.16	0.01	0.00	0.01	0.00	0.05	0.00	1.0100
214	10.97	51.54	2.10	34.81	0.10	0.10	0.16	0.16	0.01	0.00	0.01	0.00	0.05	0.00	0.9995
215	8.17	39.20	2.75	37.20	0.10	0.12	3.99	0.20	0.01	0.00	0.01	8.23	0.02	0.00	1.2100
216	8.45	41.39	2.56	35.93	0.10	0.10	3.68	0.20	0.01	0.00	0.01	7.57	0.01	0.00	1.1866
217	11.22	57.38	1.42	29.53	0.10	0.05	0.13	0.13	0.01	0.00	0.01	0.00	0.02	0.00	0.9995
218	9.19	45.66	2.25	34.22	0.10	0.09	2.73	0.18	0.01	0.00	0.01	5.55	0.02	0.00	1.1274
219	9.00	44.61	2.33	34.64	0.10	0.09	2.96	0.18	0.01	0.00	0.01	6.05	0.02	0.00	1.1414
220	11.22	57.38	1.42	29.53	0.10	0.05	0.13	0.13	0.01	0.00	0.01	0.00	0.02	0.00	0.9995
221	9.03	44.73	2.32	34.59	0.10	0.09	2.94	0.18	0.01	0.00	0.01	5.99	0.02	0.00	1.1398
222	10.54	53.42	1.70	31.11	0.10	0.06	1.01	0.15	0.01	0.00	0.01	1.87	0.02	0.00	1.0335
223	8.88	46.48	2.04	32.15	0.10	0.07	3.30	0.17	0.01	0.00	0.01	6.79	0.00	0.00	1.1529
224	7.95	33.98	3.37	41.96	0.10	0.16	4.00	0.23	0.01	0.00	0.01	8.20	0.04	0.00	1.2264
225	10.96	51.32	2.13	35.01	0.10	0.10	0.16	0.16	0.01	0.00	0.01	0.00	0.05	0.00	1.0100
226	10.97	51.54	2.10	34.81	0.10	0.10	0.16	0.16	0.01	0.00	0.01	0.00	0.05	0.00	0.9995
227	8.33	40.12	2.69	36.85	0.10	0.11	3.78	0.20	0.01	0.00	0.01	7.78	0.02	0.00	1.1958
228	8.88	43.90	2.38	34.92	0.10	0.09	3.12	0.19	0.01	0.00	0.01	6.38	0.02	0.00	1.1510
229	11.22	57.38	1.42	29.53	0.10	0.05	0.13	0.13	0.01	0.00	0.01	0.00	0.02	0.00	0.9995
230	8.30	40.54	2.62	36.27	0.10	0.11	3.87	0.20	0.01	0.00	0.01	7.97	0.01	0.00	1.1992
231	7.84	37.92	2.81	37.31	0.10	0.12	4.45	0.21	0.01	0.00	0.01	9.21	0.01	0.00	1.2395
232	11.22	57.38	1.42	29.53	0.10	0.05	0.13	0.13	0.01	0.00	0.01	0.00	0.02	0.00	0.9995
233	9.63	48.18	2.07	33.21	0.10	0.08	2.17	0.17	0.01	0.00	0.01	4.35	0.02	0.00	1.0951
234	9.11	47.93	1.93	31.49	0.10	0.06	3.01	0.17	0.01	0.00	0.01	6.19	0.00	0.00	1.1350
240	66.67	0.00	0.00	33.33	0.00	0.00	0.00	0.00	0.00	0.00	0.00	0.00	0.00	0.00	1.0000
241	66.67	0.00	0.00	33.33	0.00	0.00	0.00	0.00	0.00	0.00	0.00	0.00	0.00	0.00	1.0000
242	66.67	0.00	0.00	33.33	0.00	0.00	0.00	0.00	0.00	0.00	0.00	0.00	0.00	0.00	1.0000
243	66.67	0.00	0.00	33.33	0.00	0.00	0.00	0.00	0.00	0.00	0.00	0.00	0.00	0.00	1.0000
244	66.67	0.00	0.00	33.33	0.00	0.00	0.00	0.00	0.00	0.00	0.00	0.00	0.00	0.00	1.0000
245	66.67	0.00	0.00	33.33	0.00	0.00	0.00	0.00	0.00	0.00	0.00	0.00	0.00	0.00	1.0000
246	66.67	0.00	0.00	33.33	0.00	0.00	0.00	0.00	0.00	0.00	0.00	0.00	0.00	0.00	1.0000
247	66.67	0.00	0.00	33.33	0.00	0.00	0.00	0.00	0.00	0.00	0.00	0.00	0.00	0.00	1.0000
248	66.67	0.00	0.00	33.33	0.00	0.00	0.00	0.00	0.00	0.00	0.00	0.00	0.00	0.00	1.0000
249	66.67	0.00	0.00	33.33	0.00	0.00	0.00	0.00	0.00	0.00	0.00	0.00	0.00	0.00	1.0000
250	66.67	0.00	0.00	33.33	0.00	0.00	0.00	0.00	0.00	0.00	0.00	0.00	0.00	0.00	1.0000
251	66.67	0.00	0.00	33.33	0.00	0.00	0.00	0.00	0.00	0.00	0.00	0.00	0.00	0.00	1.0000
