164
1	10.50	25.60	2.70	60.20	0.10	0.00	0.20	0.30	0.20	0.00	0.20	0.00	0.00	0.00	1.0300
2	10.60	16.30	2.00	71.00	0.00	0.00	0.00	0.10	0.00	0.00	0.00	0.00	0.00	0.00	1.0300
3	10.60	16.30	2.00	71.00	0.00	0.00	0.00	0.10	0.00	0.00	0.00	0.00	0.00	0.00	1.0300
4	10.80	5.50	1.10	81.60	0.20	0.00	0.30	0.10	0.20	0.00	0.20	0.00	0.00	0.00	1.0300
5	11.10	29.70	0.90	58.00	0.10	0.00	0.00	0.10	0.10	0.00	0.00	0.00	0.00	0.00	0.9900
6	10.60	16.30	2.00	71.00	0.00	0.00	0.00	0.10	0.00	0.00	0.00	0.00	0.00	0.00	1.0700
7	10.60	11.50	2.20	75.10	0.10	0.00	0.10	0.10	0.20	0.00	0.10	0.00	0.00	0.00	1.0300
8	11.20	0.00	0.00	88.80	0.00	0.00	0.00	0.00	0.00	0.00	0.00	0.00	0.00	0.00	1.0000
9	9.60	9.90	2.20	74.40	0.50	0.00	2.20	0.90	0.30	0.00	0.00	0.00	0.00	0.00	1.1000
10	10.60	16.30	2.00	71.00	0.00	0.00	0.00	0.10	0.00	0.00	0.00	0.00	0.00	0.00	1.0300
11	9.60	9.90	2.20	74.40	0.50	0.00	2.20	0.90	0.30	0.00	0.00	0.00	0.00	0.00	1.1000
12	9.60	19.50	5.70	64.60	0.10	0.00	0.10	0.30	0.10	0.00	0.00	0.00	0.00	0.00	1.0300
13	10.60	16.30	2.00	71.00	0.00	0.00	0.00	0.10	0.00	0.00	0.00	0.00	0.00	0.00	1.0300
14	11.20	0.00	0.00	88.80	0.00	0.00	0.00	0.00	0.00	0.00	0.00	0.00	0.00	0.00	1.0000
15	10.60	7.50	1.80	79.30	0.20	0.00	0.10	0.10	0.20	0.00	0.20	0.00	0.00	0.00	1.0400
16	10.00	13.10	4.00	72.00	0.10	0.00	0.10	0.20	0.20	0.00	0.20	0.00	0.10	0.00	1.0500
17	10.70	6.40	1.60	80.40	0.20	0.00	0.20	0.10	0.20	0.00	0.20	0.00	0.00	0.00	1.0300
18	10.70	6.40	1.60	80.40	0.20	0.00	0.20	0.10	0.20	0.00	0.20	0.00	0.00	0.00	1.0300
19	10.70	6.40	1.60	80.40	0.20	0.00	0.20	0.10	0.20	0.00	0.20	0.00	0.00	0.00	1.0300
20	10.70	6.40	1.60	80.40	0.20	0.00	0.20	0.10	0.20	0.00	0.20	0.00	0.00	0.00	1.0300
21	10.70	6.40	1.60	80.40	0.20	0.00	0.20	0.10	0.20	0.00	0.20	0.00	0.00	0.00	1.0300
22	10.70	6.40	1.60	80.40	0.20	0.00	0.20	0.10	0.20	0.00	0.20	0.00	0.00	0.00	1.0300
23	9.60	9.90	2.20	74.40	0.50	0.00	2.20	0.90	0.30	0.00	0.00	0.00	0.00	0.00	1.0700
24	9.60	19.50	5.70	64.60	0.10	0.00	0.10	0.30	0.10	0.00	0.00	0.00	0.00	0.00	1.0700
25	10.30	12.60	2.70	73.30	0.10	0.00	0.30	0.20	0.20	0.00	0.30	0.00	0.00	0.00	1.0400
26	10.60	7.60	1.80	79.20	0.20	0.00	0.20	0.10	0.20	0.00	0.10	0.00	0.00	0.00	0.6100
27	10.60	7.60	1.80	79.20	0.20	0.00	0.20	0.10	0.20	0.00	0.10	0.00	0.00	0.00	0.6100
28	10.50	25.60	2.70	60.20	0.10	0.00	0.20	0.30	0.20	0.00	0.20	0.00	0.00	0.00	1.0300
29	10.50	25.60	2.70	60.20	0.10	0.00	0.20	0.30	0.20	0.00	0.20	0.00	0.00	0.00	1.0300
30	10.50	25.60	2.70	60.20	0.10	0.00	0.20	0.30	0.20	0.00	0.20	0.00	0.00	0.00	1.0300
31	10.60	16.30	2.00	71.00	0.00	0.00	0.00	0.10	0.00	0.00	0.00	0.00	0.00	0.00	1.0500
32	10.60	16.90	2.20	69.40	0.20	0.00	0.20	0.10	0.20	0.00	0.20	0.00	0.00	0.00	1.0300
33	10.40	10.30	2.40	76.20	0.10	0.00	0.10	0.10	0.20	0.00	0.20	0.00	0.00	0.00	1.0500
34	10.50	25.60	2.70	60.20	0.10	0.00	0.20	0.30	0.20	0.00	0.20	0.00	0.00	0.00	1.0300
35	10.60	16.30	2.00	71.00	0.00	0.00	0.00	0.10	0.00	0.00	0.00	0.00	0.00	0.00	1.0300
36	10.60	16.30	2.00	71.00	0.00	0.00	0.00	0.10	0.00	0.00	0.00	0.00	0.00	0.00	1.0300
37	10.60	11.50	2.20	75.10	0.10	0.00	0.10	0.10	0.20	0.00	0.10	0.00	0.00	0.00	1.0300
38	11.20	0.00	0.00	88.80	0.00	0.00	0.00	0.00	0.00	0.00	0.00	0.00	0.00	0.00	1.0000
39	10.50	25.60	2.70	60.20	0.10	0.00	0.20	0.30	0.20	0.00	0.20	0.00	0.00	0.00	1.0300
40	10.50	25.60	2.70	60.20	0.10	0.00	0.20	0.30	0.20	0.00	0.20	0.00	0.00	0.00	1.0300
41	10.60	11.50	2.20	75.10	0.10	0.00	0.10	0.10	0.20	0.00	0.10	0.00	0.00	0.00	1.0300
42	11.20	0.00	0.00	88.80	0.00	0.00	0.00	0.00	0.00	0.00	0.00	0.00	0.00	0.00	1.0000
43	10.40	10.40	2.80	75.50	0.20	0.00	0.10	0.20	0.30	0.00	0.10	0.00	0.00	0.00	1.1000
44	10.80	5.50	1.10	81.60	0.20	0.00	0.30	0.10	0.20	0.00	0.20	0.00	0.00	0.00	1.0300
45	10.50	8.60	2.40	77.60	0.20	0.00	0.20	0.10	0.20	0.00	0.20	0.00	0.00	0.00	1.0400
46	10.60	11.50	2.20	75.10	0.10	0.00	0.10	0.10	0.20	0.00	0.10	0.00	0.00	0.00	1.0300
47	11.20	0.00	0.00	88.80	0.00	0.00	0.00	0.00	0.00	0.00	0.00	0.00	0.00	0.00	1.0000
48	10.60	16.30	2.00	71.00	0.00	0.00	0.00	0.10	0.00	0.00	0.00	0.00	0.00	0.00	1.0400
49	10.60	16.30	2.00	71.00	0.00	0.00	0.00	0.10	0.00	0.00	0.00	0.00	0.00	0.00	1.0700
50	10.40	11.90	2.40	74.50	0.20	0.00	0.10	0.10	0.20	0.00	0.10	0.00	0.00	0.10	1.0500
51	10.40	10.30	2.40	76.20	0.10	0.00	0.10	0.10	0.20	0.00	0.20	0.00	0.00	0.00	1.0500
52	10.60	16.30	2.00	71.00	0.00	0.00	0.00	0.10	0.00	0.00	0.00	0.00	0.00	0.00	1.0300
53	10.60	16.30	2.00	71.00	0.00	0.00	0.00	0.10	0.00	0.00	0.00	0.00	0.00	0.00	1.0700
54	10.50	9.60	2.60	76.10	0.20	0.00	0.20	0.20	0.30	0.00	0.30	0.00	0.00	0.00	1.0400
55	11.20	0.00	0.00	88.80	0.00	0.00	0.00	0.00	0.00	0.00	0.00	0.00	0.00	0.00	1.0000
56	10.60	16.30	2.00	71.00	0.00	0.00	0.00	0.10	0.00	0.00	0.00	0.00	0.00	0.00	1.0500
57	0.00	0.01	75.53	23.18	0.00	0.00	0.00	0.00	0.00	1.28	0.00	0.00	0.00	0.00	0.0013
58	10.60	11.50	2.20	75.10	0.10	0.00	0.10	0.10	0.20	0.00	0.10	0.00	0.00	0.00	1.0300
59	11.20	0.00	0.00	88.80	0.00	0.00	0.00	0.00	0.00	0.00	0.00	0.00	0.00	0.00	1.0000
60	10.50	25.60	2.70	60.20	0.10	0.00	0.20	0.30	0.20	0.00	0.20	0.00	0.00	0.00	1.0300
61	10.50	25.60	2.70	60.20	0.10	0.00	0.20	0.30	0.20	0.00	0.20	0.00	0.00	0.00	1.0300
62	10.00	13.10	4.00	72.00	0.10	0.00	0.10	0.20	0.20	0.00	0.20	0.00	0.10	0.00	1.0500
63	10.00	13.10	4.00	72.00	0.10	0.00	0.10	0.20	0.20	0.00	0.20	0.00	0.10	0.00	1.0500
64	10.40	10.30	2.40	76.20	0.10	0.00	0.10	0.10	0.20	0.00	0.20	0.00	0.00	0.00	1.0500
101	9.60	9.90	2.20	74.40	0.50	0.00	2.20	0.90	0.30	0.00	0.00	0.00	0.00	0.00	1.1000
102	9.60	9.90	2.20	74.40	0.50	0.00	2.20	0.90	0.30	0.00	0.00	0.00	0.00	0.00	1.1000
103	9.60	9.90	2.20	74.40	0.50	0.00	2.20	0.90	0.30	0.00	0.00	0.00	0.00	0.00	1.1000
104	9.60	9.90	2.20	74.40	0.50	0.00	2.20	0.90	0.30	0.00	0.00	0.00	0.00	0.00	1.1000
105	9.60	9.90	2.20	74.40	0.50	0.00	2.20	0.90	0.30	0.00	0.00	0.00	0.00	0.00	1.1000
106	9.60	9.90	2.20	74.40	0.50	0.00	2.20	0.90	0.30	0.00	0.00	0.00	0.00	0.00	1.1000
107	9.60	9.90	2.20	74.40	0.50	0.00	2.20	0.90	0.30	0.00	0.00	0.00	0.00	0.00	1.1000
108	9.60	9.90	2.20	74.40	0.50	0.00	2.20	0.90	0.30	0.00	0.00	0.00	0.00	0.00	1.1000
109	9.60	9.90	2.20	74.40	0.50	0.00	2.20	0.90	0.30	0.00	0.00	0.00	0.00	0.00	1.1000
110	9.60	9.90	2.20	74.40	0.50	0.00	2.20	0.90	0.30	0.00	0.00	0.00	0.00	0.00	1.1000
111	9.60	9.90	2.20	74.40	0.50	0.00	2.20	0.90	0.30	0.00	0.00	0.00	0.00	0.00	1.1000
112	9.60	9.90	2.20	74.40	0.50	0.00	2.20	0.90	0.30	0.00	0.00	0.00	0.00	0.00	1.1000
113	9.60	9.90	2.20	74.40	0.50	0.00	2.20	0.90	0.30	0.00	0.00	0.00	0.00	0.00	1.1000
114	9.60	9.90	2.20	74.40	0.50	0.00	2.20	0.90	0.30	0.00	0.00	0.00	0.00	0.00	1.1000
115	9.60	9.90	2.20	74.40	0.50	0.00	2.20	0.90	0.30	0.00	0.00	0.00	0.00	0.00	1.1000
116	9.60	9.90	2.20	74.40	0.50	0.00	2.20	0.90	0.30	0.00	0.00	0.00	0.00	0.00	1.1000
117	9.60	9.90	2.20	74.40	0.50	0.00	2.20	0.90	0.30	0.00	0.00	0.00	0.00	0.00	1.1000
118	9.60	9.90	2.20	74.40	0.50	0.00	2.20	0.90	0.30	0.00	0.00	0.00	0.00	0.00	1.1000
119	9.60	9.90	2.20	74.40	0.50	0.00	2.20	0.90	0.30	0.00	0.00	0.00	0.00	0.00	1.1000
120	9.60	9.90	2.20	74.40	0.50	0.00	2.20	0.90	0.30	0.00	0.00	0.00	0.00	0.00	1.1000
121	9.60	9.90	2.20	74.40	0.50	0.00	2.20	0.90	0.30	0.00	0.00	0.00	0.00	0.00	1.1000
122	9.60	9.90	2.20	74.40	0.50	0.00	2.20	0.90	0.30	0.00	0.00	0.00	0.00	0.00	1.1000
123	9.60	9.90	2.20	74.40	0.50	0.00	2.20	0.90	0.30	0.00	0.00	0.00	0.00	0.00	1.1000
124	9.60	9.90	2.20	74.40	0.50	0.00	2.20	0.90	0.30	0.00	0.00	0.00	0.00	0.00	1.1000
125	9.60	9.90	2.20	74.40	0.50	0.00	2.20	0.90	0.30	0.00	0.00	0.00	0.00	0.00	1.1000
126	9.60	9.90	2.20	74.40	0.50	0.00	2.20	0.90	0.30	0.00	0.00	0.00	0.00	0.00	1.1000
127	9.60	9.90	2.20	74.40	0.50	0.00	2.20	0.90	0.30	0.00	0.00	0.00	0.00	0.00	1.1000
128	9.60	9.90	2.20	74.40	0.50	0.00	2.20	0.90	0.30	0.00	0.00	0.00	0.00	0.00	1.1000
129	9.60	9.90	2.20	74.40	0.50	0.00	2.20	0.90	0.30	0.00	0.00	0.00	0.00	0.00	1.1000
130	9.60	9.90	2.20	74.40	0.50	0.00	2.20	0.90	0.30	0.00	0.00	0.00	0.00	0.00	1.1000
131	9.60	9.90	2.20	74.40	0.50	0.00	2.20	0.90	0.30	0.00	0.00	0.00	0.00	0.00	1.1000
151	4.20	16.00	4.50	50.20	0.00	0.30	8.00	0.30	0.00	0.00	0.00	16.50	0.00	0.00	1.6500
152	4.20	16.00	4.50	50.20	0.00	0.30	8.00	0.30	0.00	0.00	0.00	16.50	0.00	0.00	1.6500
153	4.20	16.00	4.50	50.20	0.00	0.30	8.00	0.30	0.00	0.00	0.00	16.50	0.00	0.00	1.6500
154	4.20	16.00	4.50	50.20	0.00	0.30	8.00	0.30	0.00	0.00	0.00	16.50	0.00	0.00	1.6500
155	4.20	16.00	4.50	50.20	0.00	0.30	8.00	0.30	0.00	0.00	0.00	16.50	0.00	0.00	1.6500
156	4.20	16.00	4.50	50.20	0.00	0.30	8.00	0.30	0.00	0.00	0.00	16.50	0.00	0.00	1.6500
157	4.20	16.00	4.50	50.20	0.00	0.30	8.00	0.30	0.00	0.00	0.00	16.50	0.00	0.00	1.6500
158	4.20	16.00	4.50	50.20	0.00	0.30	8.00	0.30	0.00	0.00	0.00	16.50	0.00	0.00	1.6500
159	4.20	16.00	4.50	50.20	0.00	0.30	8.00	0.30	0.00	0.00	0.00	16.50	0.00	0.00	1.6500
160	4.20	16.00	4.50	50.20	0.00	0.30	8.00	0.30	0.00	0.00	0.00	16.50	0.00	0.00	1.6500
161	4.20	16.00	4.50	50.20	0.00	0.30	8.00	0.30	0.00	0.00	0.00	16.50	0.00	0.00	1.6500
162	4.20	16.00	4.50	50.20	0.00	0.30	8.00	0.30	0.00	0.00	0.00	16.50	0.00	0.00	1.6500
163	4.20	16.00	4.50	50.20	0.00	0.30	8.00	0.30	0.00	0.00	0.00	16.50	0.00	0.00	1.6500
164	4.20	16.00	4.50	50.20	0.00	0.30	8.00	0.30	0.00	0.00	0.00	16.50	0.00	0.00	1.6500
165	4.20	16.00	4.50	50.20	0.00	0.30	8.00	0.30	0.00	0.00	0.00	16.50	0.00	0.00	1.6500
166	4.20	16.00	4.50	50.20	0.00	0.30	8.00	0.30	0.00	0.00	0.00	16.50	0.00	0.00	1.6500
167	4.20	16.00	4.50	50.20	0.00	0.30	8.00	0.30	0.00	0.00	0.00	16.50	0.00	0.00	1.6500
168	4.20	16.00	4.50	50.20	0.00	0.30	8.00	0.30	0.00	0.00	0.00	16.50	0.00	0.00	1.6500
169	4.20	16.00	4.50	50.20	0.00	0.30	8.00	0.30	0.00	0.00	0.00	16.50	0.00	0.00	1.6500
170	4.20	16.00	4.50	50.20	0.00	0.30	8.00	0.30	0.00	0.00	0.00	16.50	0.00	0.00	1.6500
171	4.20	16.00	4.50	50.20	0.00	0.30	8.00	0.30	0.00	0.00	0.00	16.50	0.00	0.00	1.6500
172	4.20	16.00	4.50	50.20	0.00	0.30	8.00	0.30	0.00	0.00	0.00	16.50	0.00	0.00	1.6500
173	4.20	16.00	4.50	50.20	0.00	0.30	8.00	0.30	0.00	0.00	0.00	16.50	0.00	0.00	1.6500
174	4.20	16.00	4.50	50.20	0.00	0.30	8.00	0.30	0.00	0.00	0.00	16.50	0.00	0.00	1.6500
175	4.20	16.00	4.50	50.20	0.00	0.30	8.00	0.30	0.00	0.00	0.00	16.50	0.00	0.00	1.6500
176	4.20	16.00	4.50	50.20	0.00	0.30	8.00	0.30	0.00	0.00	0.00	16.50	0.00	0.00	1.6500
177	4.20	16.00	4.50	50.20	0.00	0.30	8.00	0.30	0.00	0.00	0.00	16.50	0.00	0.00	1.6500
178	4.20	16.00	4.50	50.20	0.00	0.30	8.00	0.30	0.00	0.00	0.00	16.50	0.00	0.00	1.6500
179	4.20	16.00	4.50	50.20	0.00	0.30	8.00	0.30	0.00	0.00	0.00	16.50	0.00	0.00	1.6500
180	4.20	16.00	4.50	50.20	0.00	0.30	8.00	0.30	0.00	0.00	0.00	16.50	0.00	0.00	1.6500
181	4.20	16.00	4.50	50.20	0.00	0.30	8.00	0.30	0.00	0.00	0.00	16.50	0.00	0.00	1.6500
182	4.20	16.00	4.50	50.20	0.00	0.30	8.00	0.30	0.00	0.00	0.00	16.50	0.00	0.00	1.6500
183	4.20	16.00	4.50	50.20	0.00	0.30	8.00	0.30	0.00	0.00	0.00	16.50	0.00	0.00	1.6500
184	4.20	16.00	4.50	50.20	0.00	0.30	8.00	0.30	0.00	0.00	0.00	16.50	0.00	0.00	1.6500
185	2.20	9.50	2.90	42.10	0.00	0.70	13.70	0.00	0.00	0.00	28.90	0.00	0.00	0.00	1.6500
201	5.77	20.27	4.22	50.74	0.03	0.26	6.04	0.28	0.02	0.00	0.02	12.34	0.02	0.00	1.4325
202	7.59	27.33	3.90	49.23	0.06	0.23	3.77	0.25	0.02	0.00	0.03	7.54	0.05	0.00	1.2435
203	7.45	26.76	3.93	49.35	0.06	0.23	3.96	0.26	0.02	0.00	0.03	7.93	0.04	0.00	1.2570
204	7.45	26.76	3.93	49.35	0.06	0.23	3.96	0.26	0.02	0.00	0.03	7.93	0.04	0.00	1.2570
205	7.57	27.25	3.91	49.24	0.06	0.23	3.80	0.26	0.02	0.00	0.03	7.59	0.04	0.00	1.2454
206	7.59	27.33	3.90	49.23	0.06	0.23	3.77	0.25	0.02	0.00	0.03	7.54	0.05	0.00	1.2435
207	6.61	23.54	4.07	50.04	0.05	0.24	4.99	0.27	0.02	0.00	0.03	10.11	0.03	0.00	1.3382
208	6.49	23.06	4.10	50.14	0.05	0.25	5.14	0.27	0.02	0.00	0.03	10.44	0.03	0.00	1.3513
209	6.92	24.72	4.02	49.78	0.05	0.24	4.61	0.27	0.02	0.00	0.03	9.31	0.03	0.00	1.3071
210	6.92	24.72	4.02	49.78	0.05	0.24	4.61	0.27	0.02	0.00	0.03	9.31	0.03	0.00	1.3071
211	7.45	26.76	3.93	49.35	0.06	0.23	3.96	0.26	0.02	0.00	0.03	7.93	0.04	0.00	1.2570
212	6.92	24.72	4.02	49.78	0.05	0.24	4.61	0.27	0.02	0.00	0.03	9.31	0.03	0.00	1.3071
213	10.47	38.42	3.40	46.85	0.11	0.18	0.21	0.21	0.02	0.00	0.03	0.00	0.09	0.00	1.0300
214	10.47	38.42	3.40	46.85	0.11	0.18	0.21	0.21	0.02	0.00	0.03	0.00	0.09	0.00	1.0300
215	6.92	24.72	4.02	49.78	0.05	0.24	4.61	0.27	0.02	0.00	0.03	9.31	0.03	0.00	1.3071
216	6.92	24.72	4.02	49.78	0.05	0.24	4.61	0.27	0.02	0.00	0.03	9.31	0.03	0.00	1.3071
217	10.47	38.42	3.40	46.85	0.11	0.18	0.21	0.21	0.02	0.00	0.03	0.00	0.09	0.00	1.0300
218	6.92	24.72	4.02	49.78	0.05	0.24	4.61	0.27	0.02	0.00	0.03	9.31	0.03	0.00	1.3071
219	6.92	24.72	4.02	49.78	0.05	0.24	4.61	0.27	0.02	0.00	0.03	9.31	0.03	0.00	1.3071
220	10.47	38.42	3.40	46.85	0.11	0.18	0.21	0.21	0.02	0.00	0.03	0.00	0.09	0.00	1.0300
221	6.92	24.72	4.02	49.78	0.05	0.24	4.61	0.27	0.02	0.00	0.03	9.31	0.03	0.00	1.3071
222	7.59	27.33	3.90	49.23	0.06	0.23	3.77	0.25	0.02	0.00	0.03	7.54	0.05	0.00	1.2435
223	7.59	27.33	3.90	49.23	0.06	0.23	3.77	0.25	0.02	0.00	0.03	7.54	0.05	0.00	1.2435
224	6.92	24.72	4.02	49.78	0.05	0.24	4.61	0.27	0.02	0.00	0.03	9.31	0.03	0.00	1.3071
225	10.47	38.42	3.40	46.85	0.11	0.18	0.21	0.21	0.02	0.00	0.03	0.00	0.09	0.00	1.0300
226	10.47	38.42	3.40	46.85	0.11	0.18	0.21	0.21	0.02	0.00	0.03	0.00	0.09	0.00	1.0300
227	6.92	24.72	4.02	49.78	0.05	0.24	4.61	0.27	0.02	0.00	0.03	9.31	0.03	0.00	1.3071
228	6.92	24.72	4.02	49.78	0.05	0.24	4.61	0.27	0.02	0.00	0.03	9.31	0.03	0.00	1.3071
229	10.47	38.42	3.40	46.85	0.11	0.18	0.21	0.21	0.02	0.00	0.03	0.00	0.09	0.00	1.0300
230	6.92	24.72	4.02	49.78	0.05	0.24	4.61	0.27	0.02	0.00	0.03	9.31	0.03	0.00	1.3071
231	6.92	24.72	4.02	49.78	0.05	0.24	4.61	0.27	0.02	0.00	0.03	9.31	0.03	0.00	1.3071
232	10.47	38.42	3.40	46.85	0.11	0.18	0.21	0.21	0.02	0.00	0.03	0.00	0.09	0.00	1.0300
233	6.92	24.72	4.02	49.78	0.05	0.24	4.61	0.27	0.02	0.00	0.03	9.31	0.03	0.00	1.3071
234	7.59	27.33	3.90	49.23	0.06	0.23	3.77	0.25	0.02	0.00	0.03	7.54	0.05	0.00	1.2435
240	66.67	0.00	0.00	33.33	0.00	0.00	0.00	0.00	0.00	0.00	0.00	0.00	0.00	0.00	1.0000
